355,1100
48,445
1248,1250
12,370
919,922
358,360
1370,1532
138,604
246,1449
133,287
454,1087
691,932
254,415
40,315
121,1054
444,566
45,1562
18,1459
238,983
161,1526
1015,1169
1288,1407
209,529
848,1010
750,865
94,1454
602,878
209,1450
974,978
923,1040
1409,1571
91,411
1133,1169
87,130
696,1406
968,1209
440,1062
563,724
729,765
258,762
170,411
635,1423
237,977
4,1529
976,1325
693,964
161,1094
51,1371
145,997
310,826
842,845
971,1484
211,286
902,985
94,137
517,905
1159,1275
317,978
562,638
698,935
184,961
1087,1286
690,805
175,485
722,883
735,1240
454,812
318,1217
1315,1397
1363,1446
999,1002
91,253
683,1458
159,1565
130,1529
170,253
888,1207
367,529
1014,1450
651,971
1244,1247
177,804
773,1482
604,1533
90,1330
602,1380
500,1323
62,185
45,1017
857,1322
858,1287
897,1404
1090,1292
247,523
321,1375
57,600
264,1240
1424,1582
82,782
413,811
22,1307
101,804
321,984
933,935
1050,1093
208,369
411,886
368,763
1248,1450
215,682
1444,1523
517,1380
938,1562
979,1563
138,566
1012,1093
374,684
360,1414
857,1326
394,909
158,898
289,725
881,884
178,885
96,843
237,315
244,1495
1288,1369
461,697
16,841
939,983
159,1564
520,603
902,943
251,326
334,769
281,357
70,430
724,765
493,771
18,639
216,880
693,814
51,1450
1410,1525
1260,1419
891,1445
137,605
893,1006
564,1572
1146,1424
87,366
317,1057
1009,1446
1489,1525
692,854
1088,1092
1087,1365
171,603
696,815
331,335
42,974
1000,1235
50,331
479,984
246,1536
697,816
176,803
1010,1523
361,1495
920,964
207,1217
362,1100
733,1403
430,826
762,1537
1419,1578
128,524
297,967
82,237
286,1217
1257,1534
976,1246
40,896
1537,1579
1016,1053
566,844
690,1050
487,1454
770,1168
644,1419
318,361
503,1480
684,845
732,894
178,884
176,960
1015,1130
207,282
159,1136
930,1013
997,1579
936,1331
81,1445
922,1158
577,965
251,334
530,890
140,884
721,997
170,1410
737,1359
812,895
1168,1564
714,985
375,881
134,288
1023,1182
121,983
4,1490
139,375
1172,1570
460,696
930,972
48,1407
100,1463
1021,1257
42,973
964,1159
1134,1570
980,1094
255,290
864,901
1022,1258
208,605
933,1409
125,1492
91,1490
460,1244
931,1485
936,1173
136,329
812,1366
811,894
443,1258
238,898
1453,1566
763,881
919,1385
140,335
296,848
500,736
62,919
396,1182
129,173
660,743
215,603
494,692
1532,1575
83,84
22,217
519,1023
444,1258
901,936
889,1209
1326,1488
539,700
449,806
676,1501
4,47
552,1029
79,855
1173,1413
121,1526
79,864
1533,1576
1108,1503
50,410
1291,1405
110,186
602,1579
970,1053
928,1325
264,500
23,145
925,929
11,1330
280,1375
81,1565
771,1365
79,1403
1257,1375
83,1373
639,1182
125,979
208,330
49,1487
43,1565
97,880
479,1458
370,886
18,843
448,805
453,929
848,1050
909,1307
193,862
374,645
643,919
770,1130
890,894
1359,1363
41,1524
600,1222
1536,1572
556,905
10,1527
1020,1021
897,1207
932,1048
288,1490
528,806
895,1008
137,683
520,1458
247,564
1370,1405
373,770
70,193
89,1136
174,844
329,727
882,921
574,814
327,528
487,764
764,1576
110,1353
895,976
971,1133
1374,1496
367,448
171,173
47,366
475,902
1009,1092
256,369
731,846
62,760
643,644
219,725
893,935
934,1363
89,1369
891,974
82,198
90,449
731,1129
225,503
1535,1570
1173,1492
1089,1093
295,409
158,858
16,765
413,730
714,1463
722,1574
613,1002
1001,1236
291,295
161,1021
841,1503
355,743
1290,1366
47,1493
135,959
5,1020
1133,1531
129,409
257,567
809,931
358,479
10,290
1287,1369
1088,1407
1134,1374
463,699
133,406
158,1482
888,1089
375,842
255,368
791,1385
612,925
851,1445
90,291
453,1008
805,920
95,406
643,760
563,1414
454,851
31,232
850,1327
247,369
519,562
980,1055
169,449
1423,1463
960,1235
849,1129
530,684
523,1453
310,424
469,826
57,1574
425,1314
529,886
219,1236
735,1247
1260,1459
57,100
358,1260
861,977
736,815
291,294
168,1535
577,660
721,1577
810,1286
113,782
494,891
916,1029
773,968
95,248
889,932
362,1495
128,1575
394,791
967,1089
807,969
683,921
750,1109
614,1325
112,193
254,524
1013,1568
15,1572
365,1294
125,248
336,849
965,1048
896,939
860,864
120,1054
256,331
23,218
999,1040
923,1158
42,982
1250,1287
177,294
1531,1535
135,288
730,1010
414,890
973,1015
760,1536
16,215
57,216
373,1001
70,186
698,896
335,489
219,961
264,1359
140,924
357,1020
43,973
978,1367
855,1126
562,644
286,322
280,904
96,329
493,1048
771,885
811,1366
854,1008
700,861
178,883
23,878
322,1022
841,1501
253,257
102,106
45,246
49,1290
967,1088
399,905
1012,1486
41,1444
1016,1209
135,139
1330,1405
769,1207
460,1275
487,725
1373,1492
102,218
217,959
134,287
1161,1322
1057,1094
110,469
996,998
139,374
1315,1398
297,1006
424,1199
289,727
176,289
136,1537
804,1578
31,1353
1288,1371
767,882
732,924
296,888
174,764
244,1097
1291,1571
396,1222
378,539
494,970
399,1376
1048,1404
15,209
1413,1496
414,489
574,1246
969,1367
12,567
604,1534
698,1398
612,1129
699,1524
425,1559
867,1108
1049,1484
297,574
1040,1274
767,850
185,1159
84,1531
232,862
901,1524
134,138
281,318
1014,1410
651,931
173,803
336,928
370,414
724,924
733,893
1385,1582
5,1057
88,445
880,921
120,904
10,1172
1480,1563
49,1527
1533,1575
133,843
171,1373
1291,1413
861,1563
790,865
89,1172
440,1497
198,1097
211,1454
40,898
1370,1571
982,1017
95,443
524,1532
96,844
285,1488
1017,1294
251,727
23,1110
169,410
415,969
113,348
198,315
83,87
854,1523
326,330
530,645
996,1109
723,960
120,1564
813,1482
373,810
206,1487
290,803
130,284
1040,1161
246,1371
48,1526
635,676
730,846
102,185
211,766
248,1331
904,980
556,639
255,809
697,934
1371,1525
689,930
970,1092
11,448
639,682
933,1290
999,1235
327,1489
218,1582
128,1527
415,528
1208,1485
660,1397
58,1459
356,469
965,1126
731,1286
928,1049
1292,1493
256,409
1130,1449
1013,1529
600,722
613,1168
563,1338
979,1136
97,101
998,1424
369,807
882,965
129,566
938,982
807,889
184,1274
88,1486
285,1496
257,769
281,1453
713,1385
15,171
355,356
691,1208
399,1338
410,453
1016,1404
168,282
1248,1409
360,443
1014,1489
814,897
1294,1534
660,857
100,916
361,444
112,225
556,638
732,845
413,729
101,722
1338,1576
368,605
284,1100
70,106
733,846
43,1055
207,251
1326,1449
1559,1562
723,1574
614,1002
737,816
1208,1484
1158,1236
475,676
146,348
923,1199
1012,1447
136,959
865,867
169,489
810,1169
939,1054
282,1022
849,1169
860,1444
396,635
217,920
523,1493
175,258
809,813
206,1566
493,842
790,1110
58,258
855,938
766,1000
1097,1374
934,1487
851,1053
862,1062
51,645
94,287
168,1566
689,1009
737,1485
723,922
692,925
174,334
485,721
327,1568
41,317
1250,1570
12,528
713,984
329,1376
406,567
766,968
461,1275
1023,1146
517,520
206,1134
848,885
254,564
177,689
11,1331
929,1367
651,883
693,1365
295,690
638,1578
1380,1419
322,326
330,806
729,1049
394,552
378,962
296,691
97,216
50,370
463,1353
81,357
1323,1406
1089,1486
336,1001
294,330
